INDEX
111

ΤΗΙΗῪΗ
ABURBECONDITALIBROS

QUI SUPERSUNT.

——-—-

Α,

1411111 311 111111111131111311113111111113·
111 11113311 33, 3.

wantum, Ι1111111111 33, 13.

ᾔὸέπὶαεῗῗιῗὲςῐμη1ῑιῗὲ 12119113 13111111 33111133-
1113131311131111, 3111 1111 1111 1311111111
4331111131111111 31 3, 41. ῃ Ι

’11111111111311111131

3131111131 iun ntur 1133313 711111111,1.
1131111111 he 1, ducemque 11111111 1111·

Abtffioh'ffr' emollitur n'l’prseo 43, 13. 43,

1“.ςῖ,11]11ο1111.1ἑ1.3,4 gagg· 13 3113111111 3111111111-

”1111311111113“1.1ἐὲ11119113311ἷὶ3
11113311111113111113113131111113111111141,13.

¹zfflssfflffizwz'ffafffeffzazflsssszsssz
111111311113113111 11111 1111113113 37, 3.
ἐξ. ffiydem 1111 3 11111111 1311111 3111111111

’1433113ίῖ1113,ῗῖἱὲἶῇ111Ὓ1181111111111,111.

3111310111, 11111 33, 15.

,1111113111 3113111 111 3311113113, 34. 11133-
1111311313ἔῖ,331313311133111
11111111.111111111111111
1133· 1111111111111111111ῑ
311 33311111111111111113 111133311131,
11 111111111111111 11111111
11111111,111111111111331111

Ι ΐξῧὶιὲ11ἑιὲιίιωῐίῗὶ1ὲοὲἕ38413, 13. 31111 31111111

Acamanta 33, 31333113 11113 33, 17.

fimffiffl'ffl'f'ffl'e.

'wffldft 1111ιέ38 3111111, 11111 eutem 11111111

Assgflfuffiffi οἱ incensae 13131111 33, 17.

,1331131111 3111111 1111331311κί1 11111 3, 17. ,

11111111 35, 13. 31, 33.

4311331 1111111111 1111111111Ρωῦ 11 111111
3113111113111111311131 37, 33. hili 11 311
nyma· occurrunt 3731. 3113311113 13ῗοὶ1113

mmmmw

1311313313111111313111111111 37 33. 31111
331113131331131131111113111
1133111111, se 1111111113 1111111113 in 131111
1111111111111111111111
31111111011111311133133313, 3113311101-
3111311,,1’11’3, 111 11111131 Rhodiis 33131-
13113ᾞἪ1Ρ3Ρὲἒρὶῗὲἓοῗ3ιῧῆῧῗέ31 ε3811113111
⁶0 11111 ²⁰ 1111111111
&mum ffi'fflpm. 11111111 1113 1311-
31111111113133,34. 31131133111111111131111
1111·1311.111131,,131311111κ
””313“111ἵ1“311“3ῗ131313113ὲέ3
gammam 3311111111 37, 4. 1 11111 11111111
3111113311111 1113311137,33. 33131311 31
1111 331111311 3111111113133111111137,31.
311111111111111111111111
31311311111111111131113313311311141, 17, 33.
1311131 1113111131 33, 33, 1111131 3111311113
1111311 3333 1111311111 33, 33, 113. 3133. 13,
1111131111 111111 37, 3.
13131131,331131111 33, 13.
11111111, 11111113 3, 34.
11111111 {¹⁰⁸¹ θ’ ²⁴·

Achradina 31, 31. 31, 34. circumiectum
3111311133, 33. 33311111 3111111111 33, 31.
11111513331133111113133113111
1131 3111111 11. 31111113 31 1111111 3, 3,
11, 1311311111’1111113111
11113111131133, 33. 37, 43. 1111111111 33,
11 11111111111311111111
331331 43, 53. 44, 4331111131. 33, 33,
13131111 11111 13 13303131 1111

1011111111 33, 33. Ι
G. ,43111111 1111111113 11131111 3313.
fizlfflllmssssztifis 13 Ptolemaeum 37, 4. 111
3311311111 3111131111331111111111 1113131.
124111111131311111, tribunus 1131111, 31143.
3313111111311111111 31, 311. 1331111 1113111 33,
33. 1113111 33, 31. 11111111 1111331111113111

“ 11113131133311313ἷ1111113333. 33111311111111

Etruria 3331. 11 111113111111135, 1111111111
1131111 31. 34, 13111111 (31131111, 111111 m·

1

 

