36 [ΙΒΕΒ XXXIX 071³. 37 3818118568]

181111 881, 888 81811181 1818811 1881188818 888888881. 18 modo
petierunt, ut 1181118818,,8888 1188888181 881888888888118
mutarent, 888 ,8811118111 18181888 81881888118111811888
quae 1888188888 sanxissent 18818881. 8811188118 11811181
8111 818181818818, 81188 1181181 1881118181, 88111818. 881
ΧΧ1111111.118,,1188811881818 8188 8881, 8118188818-
1188118888881811181 8188188888 8818111 88881 1888811188 11-
811888, 8818 11811818 8888881818 811111 8881, 8881811. 8188111188
(1.11881818811181888118811881,188188118108111888818181
81888 81, 777777777777l 8811 118881, 18. 8881818818881811118
Ι Siciliam, 8,.1188111881181 881818881818118818818888
ficiis 8118818181,Α,181,8811118,1(,81,18111888818188181181818,
Ρ 8888888118 1888181118888188111118181881 88 8188118-
81188888188118188811888181188181111811818888118811181118
777 8818811188 ,18888 1811818811, qui 8881111181 bellum ,1818
8188188888 1118118818 88881 888818 8118818 8881818818(
simul, 81118 1818181888, 8118888188881188118, 1888188188
88888818118888, 81 Ι,818888111111818 8888811881. 1181811818

’ 1188181. 8888118811818111811818 8881888118818818811118

88881188818,81181 88 consulum 777770777777117 8888818888
88818118,18181818818811818811 1888881181.Ι 888188, 88818188
8888811188 18 Ligures, 181188 18818888 8888 88 (11888188
81111. 888818818811811881881, (1888888881. 88 1118888188
818888881811111118 818888 8811188118 1811 18188 118888 8888,-
tores 81 8181888 8888811881, (1818881111 (118188ῑί1888 8118888
88888 1111181188 818111881188818888881881, 1181181181. 11188
intercessuros 8888188 8111188118, 81 8888188888 ,1811881881
81181818188888811811811111111,811188818188888818118881,
nullam 1881 811818 88 8888181, 88888188. Ι111818 8881181118 ab·
sentium grafia ,88181 8888188 consultum 8811118, 818188
18188 quattuor. 811118 88811 8111 Romanorum 8811181881,188,-
888188 88811188( quinque 1111118 8881888181 8881111111, 11811111
118181111888188811188 equites, 81188 888818111Η18118111818
8811111881. eum 888 1881 81188 88811881888881881888111 quod
plus 811818 8111118 milia 88811881,.11,8881118881188188111811118
legionibus 8888181811181881, 888 primum 8111 88188118 sti·
pendia 1188818111, 8811818111811181881881188118888818881
8818188 81 8111811188 1811888118 881 888881

 

