Α. U. C. LIBROS.

1. 1111111111 ao, 11.

M. 81111111 1111111111 1111111 4,.11.

14. Suram· 1111111111,111111111 111111. 1111111111
1114, ‚⁸¹- 11111111 n, 1. 1111111111 1111111-
11111.·..1 111111
1111. pl. 11 11111 1111111111 111111111111-

uffflffi'ib. 11111 11, s. 11111 1111111
1111111111111 1111111111 11111111, 11 1111-

11Ἢῖῗῇἷῖοὲῗῖῧῖ 311111 11, 11, 11. 11. 11,

ηζὲιξρὼι 41111, 1111111 11111111 1111111144,

Sabotam, 1111111111. 11111111 Philippus 41,

somma· 11 11111111 principibu· 11 1111111111
4111111111 1, 41).

1111111111111111 alii 81111111 mnemon
11111111111111114, 1.

C. 8111111111, 111. 141. .

C. 81111111 1111. 111111ΙΙ 1111111111 1111111111,
1111111111 1111 11111111, 1111111111 4, 41.
C. 8111111111, 1111111111 1111111111 111111111111·
1111111111, 41. 1411111 111111111111111,
1111. 111111 1111111 11111111111111111111
111111 111111111,.1111111111111111111. 14.

C. 4111111111. 1111111, frumento 11 11111111
111111 14111111111111111111’111ῗὲ
mm 11 11111111 11111144. os. 11 1111111111
111111 11115 1111111. 1111111111
11111111111111111, 1111111111 111
111111 ¹3⁸⁷.³o‡¹⁶1{11⁹⁴¹3.⁰³.¹4⁸ae fssfflrmaiffiffofff
1111. quaesto 1141111111 11111 11111144,

(151111111141111, 11111111111111. 1111111111
111111111111.111411111111111111ω

G. 81111111141111, trib 111111. 111. 111411.
11111111 1111111111.111111 11111. 11111 111-
111111117111111111111111ὲὲ11

Gmffiffl 211111, magister 1111111111, 4.

C. 8111111111 canoa 11111. pl. 41, 1.

sn. 8111411111, 11111111 14, 47.

Cn. 811111111011111, pontifex 11, 4.,1111111
1111111148, 14, 11111111 praetor, 1111111.. 11111-
111111111 1111111111. 111. 11 41. 111. 44,
4111111111 1111111111 411,ι 1. inde 11111111
11111,1111111111111111
11111111·.1“111111 1111111111111

Cum 1218111413 τ11111111ιῖ11ιῖ8011113111, 1111111111

domimi} ,20011111 11111111 11111111 40, 14.
1111.111111111111.,1111111111
&insama 41, tapetem: 111. 41, 14. '

Cn. 8111111111 1111111111, 111. 41,11. 44, 1.
41111111111111111111 111111111111111111, 111-
1111111 11111111 11111141. 111111 11111111 111-
lum 1111114. 11 111111111111111111111

1413111111 Varronem 44. 111111111 1111111111

41411111111118111111111. 41111. 111111. 111. pot. 4

11 8111111111 1111111111. 1111141, 11. 1111111
111111144, 111. 11111111111111114144. 1111.

93

441147. 111111111111 1111111111 41. 111-
111111111111·11111-

triumpho 111111111111111 1111111111 11 popu· s

lum 11111 41, 1411111. 1111111111, 11
1111111111 11111111111111111 11.

Ι. samque. 11111. 111111. 44, 27.

11. 8111111111 11111111 1111111 44, 14. Ι
Ρ·ἔξζξξὲ;;ι.11’111111111111111
11 {22⁸3ssss 1111111 11311111ιῖ1111 ιι, 1.
Q. 4111111111 per 411111 1111111111 Petrum
111. 1111111 1,14. 1111111111. 11111111
0.ω111ῑ1ἷ11111,211111111, 1111111. 11111111 11111
1ἶ1ἷ1ἣ1..111111.11111 111111
1),3 Θ8111111111, 1111111111 11111111 7. 24. eos.
0.8111111111,4111111. 111, 7, 1. 1111111111 4.
111111111111111111111 31111111
111111 41111111 11111 11111111 11111, 1111,
1111111 111111, 1111, 1111111111111111111,
1111. 111111111111111 11. Ἰ

’ 111111.11111111.1111.11·111
Plllighmugm 44. 1111111141. 11111111 1,
'ssffssfffflpfffiis ἑᾞῆῑῖἷ .⁴ 212²9¹3nff ¹22¹}
1111111111111111111111111111
11111111 1111111111 111111. 111111 11111111 11111111-
11111111111 111111111, 11 urpu¹ 1111111141.
11 ω111ὲ1ἕ111111ω 11111111 1111111141, 111111
ερΑ.“1ῗ1“·ι1ἰι, 1111311111 vetent„ 1, 11. mox
1111111111. 11111111111411111111
111111115111111 ⁶· 111 ²¹¹·

,41111 Capitolium 1111111114, 11. 1111 1111111

18. 11111 1111111 4, 14. 111111111111111-

11111114, 41. 11111 1111111111 1111111 11
1111111 1111, quod 11 111111111111111111-
1111111 44, 11. ,11111 111111111111111111-
111111 41, 4. 11111 1111111111 1111111 nomae
4417. 11111111111 11 1111111144, 44, 11111,
1111111 coniurationis 41, 11. iis 11111111111
millia 11111 11111111111111, 1111. 11111 11-
dicium 11 1111111111 111111 1117. 11111
Persei 11 11111111111111141, 44. 1111111111
11111111Ν1 11111111 44,14. 1111111111 1
W. 111111. 11111111. 1111, principes 11111-
111111111111 ,1111 1111111111. 1111 1111111111
mugnus m 111 41111114, 11. 111111 liber-
111111 1111111111 arnochus. (lui eaput 1111111 1
1111111111111111111, 14. 1.

81114111 11111111. 1. 14. 111111 nomicum·
1111441111. 11 capnt 1111111111 111-
1111111111 1, 14. 11 1111111111111111111
1111111111, 1111, Servius 1111 1111111111111
1111 111111 11111111. 1111. 111111111111
11111111111141111.11·
lum 111111, 11111. 1111111111 censum, 1111. 111-
1111111111144. interficitur 44. 1111111111,
1111. commentarii 40.

&ggffitfflnzoemm 11111111111111111111111 111·

 

