Α. U. 0. LIBROS.

155 555. 55. 5155 15555, 1511. 515511 5551555

51-55. 5155 5551551151555551115, popuii 1

155511, triumphat, 1111. 51155 5551555115 55. ’

51. 55 4. ii. 155515 5115155555 55155 15555 55, 4. 155515 55
Ι. 1155511155 1151511155 555. 5555151 5, 5. 15· 55511155 panim 1555551 15 15555115 44, 55.

1558155155 iovis 1505511515, 1151. oi. 55 1555515515(ιῆ115585ό ἵζω 15511555, 15 1511515·

. 5 , .

Ι. 1155511115, 1515. 1551111. 55555155 1551555515 1544511414Ξψ51111155 5551. 5155515555115155511·
5, 51. 15551155155. repentino 115 55511555

i'. 1155551155, 5155. 1511551 1111555 551551 1555 1555155,111.51’.5151 555 55151115 1555511
55515551 i, 5 . fllium expiare tenetur 5555- iibri 11111555 Pompilii 45 55.
51555511551511. 1551555 5511515 5151511155 homno, quibuslibet

1155151551 pro Ι1511155455555111555 151555 57, 15. 51155 volentibus. 555 15555555511515555 55-

ῗωῆοοῗέἓῇἲᾱῑυήἳ. 5414144151 11511 G. 5551555- mimi: &011ss 55551115 5555515515 555115 45,

1.Μ1455455;15111’55,1ὲ55515ί5, 23511151 51555551 5551 ixia iifi. a¹iiiffiinbiompiiio 55111 55 piei·

1115315511111514113551 5.“ἔι“ὲ”5’.ιὲἷὲἕιῗί 41413554141ῗῖ.4 1515ῐρῖιῗιῖῗῖηἶῗῗῖἷιῖῗὲῗῖῗ
1133141155 5115551, 55551151151155155555551 giem& π’ θ’ hm im α mmm mu*

5555 11555555 5111515 5, 14. iapydum 151511 15 555515 5551115155 15 5515
Hospitium 51151155 iscium 55155 Caeritibus 5, 1511151511. 55555555. 415.

50. os. 57, 54, 7. 50. laccensium 5555155 ³2. iiii. 57, 17.

115551555 55511115 5551551555 procurata prodigia 1555555, oppidum, 55, 55. 55, 55. 54, 55. 57,
51, 53. 51, 4 51 11. 40, 5. 55, 55. 41. 19. 17.
rem div. 155555 15555155 55555155 51, i. 15555, 5555, 5555515555 11555155 5555511515
hostiis, 55511151 511555555551151155155515115, 55. 2⁸.

Rrocunip 55511515 151. 5555155 55515555 11551.15551555551155551 5151515515 peiere

55555 5551515155 51, 57. 5555155115 55, 55.

55551115 511515 1, 55 15, 55. i„ 15111155, 5515551515555555551555151555,41.

οωῖω 115ὲὶ1115 1515551155ἁ555515115ἷι5115555- 5155 ,5555155 15ἂ1511ἰ51ἰ15ι15ἶ, 5551545115 451
1111511011·“””’“·““’”“· iiiiiiiiiimiiiiimiii?iiiii:

,4. 1155551155 Caio 5555155 5555155 57, 55. sor· 11551515. pi. 5155155 54.
iiiut 5551151551 55. 51511515, 1515, pi. 4 55.

5.11551111551555515155515555151115555151- 85. Ι1511555155. 51. istis. Ι Ι
1511115 51, 4. 151115 155515 unum 5551151 155551 pi. 555111

A. 1155511155 0515155155 5515151115, 1155555151 4, 54.

55, 55. 15155. 155515 51, 45.

,4.115551111155 Ι1151555555515551555555151151555- 11555 ἰ51115551· 15, io. 5551555 5155551551-
115,155115.5·1..111.1111 {iiiiii:iiiiiiiiitiiiii
11111111111.111111111111 iiiiiiziiiiiii· iiiiii. ¹12:

c. 1155151555, 5555555 55551115, 55511155 5115515- 5511555555 5551 iim. 51 1551551115 55 55-
51555454.1555155441551511. 155115151551 . ,

C. 1155511155 Caio praetor 5555155 57, 55, 555· 11155 5555155555 5511551515 15555115 maisin·
115515551151155515 5555555555. ι 5155551155 ⁵:⁹- 0!- 51 4, 57. 15155 5, 55.

σ·...1.’11.111..’111111,11111,’111’.111111 1115111151111115118 ii: 1,· 33:
55551 1551 55 1551115555511. 515511551155- 45. 55. 45. 45, 55. 45, 55. 44, 11. 0515511-
51551551, 5 5551555511115551515555 5551115, 11555 515555511555511551 15515 Ι5, 45. sep
51 555555 51555 5511115515 5551145. 5115 55· 1551551555 111555 5555151 muniminum

iam 5555555155 imperium 55, iii. 51. 51115, Singilia :imai 15515 1515555155Ι 7, f. t{iiiut

1. 1155551555 caia 55511155555511515551. 541ἷῖ454155 51.111.1“1111151.ῗ5151.” ω
11515115 51, 4, ieiunium, quinio quoque 5555 555555551551,

L. 1155511555 Caio. 15151115 58, 55. 155111511151655551 555551151555,57.

1.. 1155111155 15551555, 5551 5551515555111 11515551551,515555115511551555,1155545,15.
5551115115 exploratum 5515555, 5551111155 1³00- Ι1515 1155555 5515 5551455155 55, 11. 41 5.
515 55, 15. 15555 per 5551555 15 5551515 5555551 51 iai·

11551155511115 115515515515555, 45. 15511155 15551555 55, 41. 55, 15. ignibus 55·

115515551155511155 5555 1155555551 151 551555 51511111555155 1155555515555515155511551
555155 11511515 curtium 55511551 i. 1 . 5511, 4, 55.

1111515551. 115555555 511411. 5115. 5551 5155 551155-
11555555115555515, 15. 515515 51. 55. 5551551555 5. 5515155551.
141145 ²⁰. 11. , 1155551551 55551115 51, 51. 5111111555 petunt
Hybristas 1555155555155, 515515 57, 15. 5 1155115511 54, ii.
iinania (15515 57, 54. 11155555 5 nomini· adscripti inuicti 5551 5111-
11515515155555 5155, 57, 55. lippo 15115 55,15. 115551 55 55 55555155
51515551555551555115115555. 51. 55555555 57, 57. 11555155 51 15551155 15·
1151155555, 14 55 51 57, 555155 51155.

1151551551 5555155 41, iio. 1155555555 5551 11155555. 5551155155 551111 5555115515511515 45,
555555155 55, 14, 11. Ι5111155115 5545555555 55111115, 15551551

aprunus 5551555 57, 55. 5155151515 41, 15. 1551551555 1151115515 15.

 

