A. U. C. LIBROS.

11 Ap. 6111111111 1111111111 11111111. rendi
1111111 11111, 1111 1111111 1111, 1111. 111.
11. 1111111111, 1111.Ι 1111111111111,1111
11111111111111 penu 111 11111 1111 111, 1.
111111, 1111. 11111111..
1. &woman 1111111, 1111). 1111. cornelio
111111111111111111111111111.-
Ρ.ι11Ἣ1;1111 1111111111, 1111. 1111111 11111
w. 11111 1111111111 11, 11.
111111111111111111111 ⁸⁹³²·
Ρ·.1;11111·.111111111111111
11111111 111111 11111111111111111, 11111111
111111111111, 1111 1¹3: 1113118111. ΰ1111111111ιὲ1
11Ν1ι1111ι111 11111111 1111111111 eonnmeum'
111-1111111111 1111111111111111 11,11, 111
1111 1111 1111111) 1 11111 11111111111111111111
111111111111111111 111111* 1111
11111111111111 11111111
111υ11111111111111111111111111. 1111111111 11111111
1
11 1·
1115111111111111111111111111
1111111111’1111111111
11111111 24. 111. 111111111111111111111 11
111111111111111111111111111113
11111117 11111111111111111111111
11111111 111· 1111111111111111
1111111111 111111 1111111111. 111111111-
1111111 1111111111111111111111111 11.
1111111111111111111, 11111. 1111111111 11 1111·
11111111 1111111111, 111111 111111 1111111-
1111111111111111 111111· 11111·
111111, 1111.
Ἠῇξέ111111111111111111
11111111111111111111
Τι’. Sem a 111 ᾱῦἓαὲἲῃω, ⁸0³0} 1111111, 1111-
1111 11111, 111111111111111111
11,111111111111111111111111
11111111 1111111111111 1111111111 1111111111 11.
1111111111111111111111111
,11111111 111111 11111111 111111 11 culleum,
1111111111 11. 11111 1111111 1111111111 11,
11111111111111111 1111111111
1111 1111111111 1111111111. 11 1111111111 11
111111111111111111111111
11111111 11 11111111 1111111111, 1. eem-
1111111ῗ“1,111111”111““·””“11·
tfflmummnfflfflfflff
111111111111111111111110·
11 11111111 scaurum 111111111111 11111

fo·

91

1111111 111111 111111 11. 1111111 11111111,
11 1111 11111111 1111, 1111. 11 11. 111111-
11111 cum tribuno 1111111111111111 111111

bona 1111111111111 tribuno. 1111. el 11 *J

11111111111111111111 11 populum. 1111. 111·
1111111111,1111111111 11 comite· 1111111
11111111, 1111. 1111111111 111111111111111.
ι ι ι 1 1 1 “
11111111111111111,1 111111.Ι 1111111111111115111111.θ ,11111
1111111111,1111111111 11·
1111111111 sempronium 11111111111111 11.
8111111111 pugnet 1111 nanno-e Poeno 11,

Ti. 8111111111 bonane. 11111. pl. 11. 20. 11-
11111 1111111111,11. triumvir 1111111 11·
11111111 1114111111 11, 11. 1111111111111-
11111 mun 11111. 11 1111111111 11111-
11111 1. 1111111 111. 11, 11. ,1111111111 11-
1111,1111”1ἒέ’,1111’011”1“11,1111111
Ξιό1111111111ή. 111111 1111111111 11111111,

nffo'f'msstrffitss'. sssssstffiifflnssafiff

{⁸⁹”1’1’w'2ffi‘ff3'ffl

ο

811111, 1111111 11, 11.

senaculum 11 capitolio 11, 11.

3111111111 centum 1 111111111111,1. 11·
&tom oetoffilntu occiduntur in proelio 11
111111111111111111111111111111111’11111Ἥῃ111
1111111111 tempore 1 1111 111 11111 111111
111111 11, 1. 111111 praetoris 111111111111
11111111111111, 11. 111111111, qmbus-
111 11 11111111111111111 111111 1111111,
11. 11, Ι1. 1 111111111111111111 1111111-
1111111111111111 ¹'“¹'¹⁰ “¹¹⁸ “⁰⁵¹

8111111 111 eonsilium publicum 1,1. 111. ,ἢ -ν-

1111111111111 consonus 1,11. 1111111
senatores 11111 1111111111. 1111111111-
111 Tarquinius 1111111111, numerum 11·
rum 1111111111 Tarquinius superbus 1,11.
1111111111 11 trecentorum 1111111111 nmo-
11111 1111111111 111111111111 1111111111111
1, 1. 1111111111 1111111111 11 11111111 1, Β.
11,1. 11, s. 11, 11 111. 111 1111111111111·
11111 11, 11. 11, 11. 1111111111111111
1 11. 11111111 1111111111 11 11 11111111,
1111111111 111 11· 11·
1ιῖ 1111, 11, so. 11, 11, 11, 11, ''2012'-
{3⁰²3} 11. 141. 11111111111111111111 11, 11ἶ
fd} mifffiauissssisfiisffitf‘uffib 111 1131111111
111..’111111111111111
11, 61. 41111. convocabatur 1 consulibus
2. 11. 1,11. 1 1111111 8,1, 11, 11. 11,
11. 1 1111111111 , 111111, 111111 11111-
1111111111, 11, 11. 1111111111 11 11111
1111111111 11, 11. iu 1111 11 1111111, 111. 11,
1. 11 11111111 1, 11, , 1. 11. 11. 11, 11.
11, Β. 111 templo Apollinis 14.11.11,4.
11. 11. 111111 1111111111 11, 1 11 111. 11

 

