102

vovent 1, 1. 111111. τ. 11111 1111111111
’11111111 111,11 pontificum. 111 111111
, triumviri· 1111111111 11, 11. 1111111111-
111 111111 1111111111 11,1. 11111111111
11, 1. 111. 111111. 1111111111Λ-1 11111111·
11111 1111111111 111111 111111 11111. 111-
..11111111-1111111111.
11111111..1111 ..11111ω
‘m
..11111111111111111·
1. 11. 111 oum 11111111 11111111, 1111. 111-
11111111111111111111
11111111 1111111 11ἱ1111181118111111111111, 11-
ro‘ss‘ssnissss'ssffnfflsfus '
Τοῶῗῖἷὶί ἷζῖῗιιῖιθίὗ ssssanff'fflmssssffi'ssf'v'.
11111111 11111111, 1111.
sszzzmaezf’fflf* ⁴⁵]
nJssffffiuffwmw T. 111111111111111, 11,
romu 111111 111 1111111111 1161ρὶ11111
1111 1111111 11 11111Ι 11111111 11, 11. torquet
111111 111111111111111111111111111 11111·
11111 1. 1111111111 111111 111, 111111 1 11-
111 Gaui interfecti 1111 1111111111 1111111
1111111111 1111 11 pannus 1, 11).
1111111111111 1111111111 ¹·.⁴¹· ,
1111111 annibalem 11, 1. 111111 Cn. 111·
rffiaef ⁴ 1⁴13& 1111, 11111111111111, 11.
Tragia& 3111101111, 11111 11 11111111 11,
1141ὓ11Ι1111 11111111, 11 1111111111111111,
11, 11111111 111111 qu! 11111. ’111111111-
11111, 11111111111111111 1111111 11. 11.
1111111111 nomen 11111111111111111111 11-
1111, 11111111111111117, 11.
1111111111111111111 11, ⁴: 11 1111 1111111111
1111111111111111111

, *X* Ι.111111111111111111111111,11.;

ρ. rutatum, 11111111 11111111 11111111Ι 11, 11.
1111 11111 11 111. 1111111111 11 1111111 111111
ruffmffmfflil. 11. 11 1111 1111111-

Ἥξιὲιιιηοιέἓέἒιιω 1, 11. 11111111 11111 Co·

1111111111 111111 1311111111 11, 11.

1111111111111113111111111 11, 1.

C. 1111111111, 111111. 1, 11.

C. 1111111111, 1111111 11110.

1.. 1111111111, 11111111 pl. insumamus
fugatim& 11111111 111111111 1, 11. 1111

1111111111, 111 1111. 111, μοι. 1, 11.

11111111, 1111 11, 19.

111111111111111. 1, Η

C, 1111111111, 1111111111 1111 1111111111 11. 1.

1111111111ιί1 1111111, 111111111, 111 Aulum
1111111111 1111111 111 1111 11, 11. 1111111

ἔξω 111, ἱ171 11111111111111, 1111, 11111111 11-

121.11’11111.’·ιὲ“11 11111. ..1 ,1 1..
11111 1111111111 11111111111111111, 1111,

INDEX IN T. less

munel 1111111111,11. 11111111 11111111
11111111 111 111 1111111 11, 11. 1111111111 1
8111111111 11 piscium 1111111111111111.
11111111111111111111, 11. .. Ι

ᾞ12111111·1111111112,ἳῖ1.
11, 1111111 11111111 1111111 11 1111111111111,
dela 11οέ111 1111111111 11111 111111, 1. σι’.
gt. ⁹10.² ε1 ”letffffi sumne. 11111111, 11 111·
pter 1111111 1111111111, 111 1111111111
11111111 11111111Ι 111. 111. ’111111 11111111
1111111111. 1, 111111 11111 1111111 11111-
111111111111111111·
1811111, 11 Fauor 11 1111111111111Μ11111 1,
1
1111111111111111.11. es. 1111. 1111111111
11111111 111111 1111111111, 111-11, 11111-
1111111111.
1111111111 11. 111111111111, 11111111111111
11. 111111 11111111 11111111111111 11111-
affixam& gfff( 111-8111211101-
1111111111, 11. 1111111111. 111111 11111111

1111111111111,11,111- ,

’ 1111111 2. 11. M. 1111111 1, 10. tribunt 111

111111111 1111111111 111111 1. 11, 1. 1. 11,
11 1111111111. 1111111 1111 1111111111 nou
11111111111111, eo. 1. 12. 1, 11, 11111111-
1111111111. 1,11. 11,11. 11, 10111.
’11111911111111111117111111
11. 11, 11. 11111111111 11111111111111111,
1111.111.1.11.111111
11111111113111311·111111.ἳὲ
1111111111131111111 1111
11, 11 111. cum 11111111 pl. 111111. 1111 se·
11111 11111111 1111 11 ῖψ11111111111111.
11311111,111111112111111
11111411211111111111’11111
11 sonitum 11111111 11, 11. 11,’11“. 1111-
111111 111111 11111111 1111111111 11111111-
anauga 81111311. ο1111111θ 'panton ιἒιῖξΙιιιηὲῘῖι mut
1111111, 1111111. 11. 1ο. 11111111 1111111
1111111 1 1111111 1, 11. 11111111 pl. 111,
1131111111111111111111111111
11ῗ11ῗ1111 111111 1,11. 1111111 11111111,
1111, 111 11 1111111 1111111,11. 1111111
quatuor 1, 1111111. 11. 1, 17. 1, 10. 111,
1. Q. 1111111 111111 1111111111 11111111 111
quattuor 111111 11111111, “ww 111 ¹1³:
11111111 1, 11. 11 1111111111 1111 11111111
1111111111 11, 11, 111111 11111111111Ι 11,
11111111111111111
1111111 11, 11. claudi: 1, 11. emolu 11,

 

