1. 1. c, 111111. ’41

11111 aperientibus 4114111141 11111114 111111-
1111 1. 54, (411111111141. 4111111111-
4411111411413 1411111111ῗὸ11
114111 4, 114 111. 41, 44. 44, 4. 41, 11,
41411111411411 111141 viuum, 111 11 111-
4114111111411111114114114 44, 4. 81111111
11141111 11 6111111411 4111141111141411111
discussa 44. 441, nonus 1141 4111111111, 111-
sulem, 1111114 44, 441, 11 114111 iunonis 41·
1111114111 11 ipso 1111111411111141141. 44.
cnm 11141111 41111111 11 1141 Sospitae 1111141
44, 441. aurum 11 (1111111411 111 1114111 11·
1111111 11111111114111, 114 144111 14111144,
4. Creta 111114 44,111, 8141111141111111
41111111 114111, 11111111 11111411111141-
1111147.4Ι equuleus 1111 quinquo 11414111
nnius 44, 4. 41, 44. 4114111 templorum:
culminibus 11111141 44, 4, 11 111 11111 solis
14 occidentem porrigi 1111 44, 14, el. 1140,
4, 44, 401444. 4411, 45, 41. Flumen
Amiterni 1111141111 fluxit 44. 44. 11111111
1411 11114111 11141111 1111111 :quntum 41·
114, 14111111 414411111111111111111 111111-
111 1111111 44,111. 1111 111111111 11111111
44411444441411411 i iiiiii
111411 1141441111 4111111 11141 44,14. 4111-
411111 11111111, aplius in 4111111- 11 111441
4ῧῖ 111. Εἶ’4ῗ.ὶι1’1ῗῑιῖοῗ“41ῗρῖῗὲῗιιξιᾟὲἷοῧὶ
111111114444. 44, 41. 1111111111 14111141
11111 11141, exanimatique 44, 44. 4111111
1141Ι11111111111111411 441, 41. 44, 4., 11111
1111111414111411111141111
4111111 41114111 44, 44. 44 ii. 41111111
11111 11114111 1111114, 11 4141111111 44, 1⁰.
inians 11111111 11111 1111111 14 4111111111 11111
1141117, 441447. 41, 14. 11111111111111
1111111111 11 41111 Ι11141111,41111111111111 1411114.
1141111,41414111111141
41, 11111 111114 47,41. 41111 41111111, 11111
14411111411411111111111 1111111 1111 1141, 11
1141141111 1111144111 1111141, 14. iacun 111·
guina 1111111147, 44. inno 1111111 11111
11111 44, 4, 111111 11 11110111111111111
lucum 1111111 4111111 4111411 44, 14. 11111-
41111 pluit 4, 41. 7, 44. 41. 44. 41111411 411·
111411 1111114141 imur 4111411141,44. 44.
41. 41, 7. 44, 44. 47, 47. 44, 141414. 41,
44. 44, 41. 411, 4. 41, 47. 34, 44. 44, 44.
44. 4. 44, 48, 41111111 1111111111411111
111111 44.1, Legiones 11111111 1111141111
vim 44. 411. 4111141111 111 111111, 411 ui.
1141 14111411111,1111111111111114. 1111111
1111111 11111 Capuan 1111141141 44, 1. es. 11
44, 4 14 io. 41111 4111111141 11141 111411
47. 47, 414141111 1111111111 1111111111-
4111 111 11111 44. 44. Lunae 411111411411
11111 44. 4, Lu 11 iuuit 14141111111111111
1411411 ¹.⁰· 47. ι81111111 11111111 11141 111111 -
111. 1111111 11111111 47, 47. 141 111111 111111
414141141111111111·
. Ι

1.11 41, 44. 41. 44. ν’ ’41 4141111111-
11 114111 41, 14. lupi 111141 111 811141111444.
,1141111444414111111
11, 11, 11. nm 111 11, 11. 111111 111-ι
mnne 1111 44441, 44, i. 1111114111 aliquot
1141111111114411 44, 1. 111111 1111111141.
1111111 1111111 11111 441411 fis. 11111111
1141 111111111114 111111 47, 44. of. 14, 4.
14111111 portae 41 11111 4114114144. 44,

1. mvn 11111141.

44. 41. 441443, 44114, 44, 44141, 44.
17, 4, 44, 44. murus 4111111111 fulminibus
41111111 417. 44411441. 111111 4111,
11411111 11411, conflagrarunt 44, 47. 41, 14.

navium ianuarum 11111111 in 41111111 Tarra-M

11111, 11111 1114111 1111411111 44, 44, 111-
14111 1111111141 11111 14414144 44. ,441 Nox
interdiu 1111 11111141 4, 44, 411111 1111411111-
111 1114 1111 44,Ι 10. 11111111 111141 411111-
111111 1141111 11 11111111144, 44, 411-
1111141141.’114114,
1111111111, 11111411111411 1114111111. 111
111111111141131·4111411114.ἱὲ
48, ii. 1111 11111111 1111111 44, 4. 141141 41
111114141144, 14. 441. 44 4444144, Pro-
11411111111111111111111 114111 8, 4. 411-
411111111 1141 i. 8. Puer 1111 1111111114
11 111 1111114141, 1111111111,1111 podes
111 111 44, 44. 11111111 44141. 411111 111-
οήι 44, 14. biceps, 11 1111111 1111141141.
11 41, 41, 111111 11111111 1111 11141 141111
114144. 44, Pulli 1111111111 oum 4111111 111-
41111 44, 1. san 1111 11111111 411111 414111
4111111 11 411141 11111 4144. 11111111
4”1.ἳ“1“11111141414“14411411ἵ1411112
1 4111 1111114411, 44. 11111111 111114 4311111111,
ii 14141414414414111141
4111 44, 411. ef. 14441141. ⁴³·.¹⁵· 411111
141111114111141411141.
1, 41111 1111111111 11411114 44. i. senu-
1111 49, 44. 11111 4181114141 111111 111111
[1111111444. 44. 4111ιί1 14 4111111411111·
4111111111 11111114 44, 44. in 1111 41111-
ῐ’414’11111’1113111’.411411111411111 ,
1111411314111114111144111111
114441,14. 411 11111111 11111 1111141 111111, 11-
iiiiii ,411111114411114111ῗέἓῖ
11,4“.1ι1’111“11’11”1111114.41114
1111 141114 effulserunt 41, 44, 411411 111
sponte 1141111411, 11111111111111111111141,
4411111 totum 11111411 44, 4141111111 1111
11111111, 41111111 11111111 1111111, 11111411·
1111111, 111111 11114111 11111111 11111114, 4.
11111411 hominum 1111111111 1111111, Ι11111
1114141 1111411411. 4111141111 1411111111ξ11
11111111 111111 44, 44. spicae 11111141 11
11111411 in 11141111 1111411144, 1, 111411-
41111111111111111 44, 11. sunum 4411-
11ἲ”14”111144”111’111411111“411”11
111111 in 111 1111111 Sospitae 14141149,
14. 41,14, 7141111111 1111111111 41 11111
11141144, 44. 14144111111111 46, 47. 7111111
1111111111411111
ms ξιῗιιιῖο 4410414οὲ11 ,ἆσῑῖἠῖἒῗυῗ me.
11 in 11111111 parietibus 41111111 4111111114·
114, 1111.11111 4114111 11111111 11111ἀ111ἓ1110-ι
44,] affluffiffili’ussif'nffln'dgmw'eio 11-
14111 47, 4.. 71111111 111111111141, 44.
71111 1111111 11111 11111111 42 441.3 711944441ἳῖ
{lgm 4131414. kffliffffi 4411114111, 44111
11 noctem 1411 1141 11111Ι 1111111141 1111417
4. Arpini 1111111411 1111 11 ingentem 11111111

6

 

